L_a = 8.9e-3;
R_a = 5.3361;
c_m = 0.0514;
J_m = 71e-7;
%c_e = ((24-R_a*0.86)/(3600*2*pi))*60;
c_e = 0.0501;
k_p_s = 5.40;
k_i_s = 1.7e-3;
k_p_c = 4.87e-9;
k_i_c = 0.6387;
M_dist = 0.0205;